一盃口+ 1
2233444567888
2233444566667
3344555677778
2333345556677

四暗刻タンキ
2223444555666
2223334445666
3334445556777
3334555666777
4445556667888
4445666777888

3連刻
1112223334567
2223334445678
2345666777888
3456777888999

小サンドイッチ
3444456667788
2334455556777
2233445556777
3344556667888
3445566667888
2223444455667
2344445666678
3334555667788
3334555566778
1112333345678
2223444556677
2223444456678
2223444456789

6メン待ち含み
1112223456678
1112223456789
1234567888999
2223456667788
2344567888999
2344566667888
2345677778999
1234566667888


対子アンコアンコ(アンコアンコ対子)
3344455567888
2233344456777
3334566677788
2223455566677
4445677788899
2345677788899
1122233345678
1122233345666

高め二盃口
1112233445566
2223344556677
2233445566777
3334455667788
33444556677888
4455667788999

特殊形
2344455566678
